Welcome, nboley!

REST liver
3321063	dxquang	0.980045420537	0.412170318171	0.406472168723	0.0281047150296
3343330	HINT 	0.936732703562	0.411905089056	0.406686164016	0.0308628765723
3344979	NittanyLions	0.81063427363	0.401257426838	0.499369902751	0.0
3319559	yuanfang.guan	0.97069508862	0.39782135426	0.350880947286	0.00366169722044
3343275	Ramil Nurtdinov	0.929423869702	0.390253103236	0.398387902133	0.0126970539981
3343127	autosome.ru	0.950508898643	0.323777167795	0.240887367145	0.0150985567206
3343392	adbc	0.96403507857	0.29755883469	0.195258815417	0.0157643198516
3342173	aesseb	0.911313242388	0.266034486587	0.110207575433	2.37772546782e-05
3345109	J-Team	0.96290735932	0.264076103071	0.0605606676653	0.0317901895047
3343372	Nabla	0.911364034997	0.225134299171	0.152483534251	0.00233017095846
3346136	EotvosUniv	0.928653799492	0.201097729771	0.0307915448082	0.0143614618256
3327302	davidaknowles	0.973920178292	0.182016311122	0.00458901015289	0.0
3344887	SAARCASM	0.797674693636	0.0186118892303	0.0	0.0
3331196	PersianGulf	0.580824967642	0.0068436938981	0.0	0.0


GABPA liver
3319559	yuanfang.guan	0.991145376858	0.470382944432	0.391867905057	0.126109391125
3343127	autosome.ru	0.98336758817	0.443663093608	0.369742002064	0.0894117647059
3321063	dxquang	0.986077155658	0.441611731485	0.355005159959	0.145758513932
3345109	J-Team	0.982405992145	0.422831231929	0.360743034056	0.161981424149
3343330	HINT 	0.960401509555	0.409711137347	0.351950464396	0.103157894737
3343392	adbc	0.980361549368	0.364394213755	0.281898864809	0.0951083591331
3342173	aesseb	0.921074588443	0.36158486171	0.242807017544	0.0762848297214
3343275	Ramil Nurtdinov	0.944710745317	0.361289446471	0.310835913313	0.0816511867905
3346136	EotvosUniv	0.948031184238	0.339805791839	0.26092879257	0.0732301341589
3343372	Nabla	0.94470685062	0.280915052722	0.255975232198	0.0255108359133
3344979	NittanyLions	0.877468366562	0.28078468682	0.243219814241	0.0
3327302	davidaknowles	0.976146929922	0.247695137446	0.0885036119711	0.0
3344887	SAARCASM	0.942090587913	0.0847145122429	0.0	0.0
3331196	PersianGulf	0.7334224989	0.0586036763413	4.12796697626e-05	4.12796697626e-05


NANOG induced_pluripotent_stem_cell
3321063	dxquang	0.988513719636	0.353926718784	0.311808986121	0.00317572335921
3345109	J-Team	0.987454494921	0.315239838124	0.266055045872	0.0278757939308
3319559	yuanfang.guan	0.989553792922	0.308691209204	0.244648318043	0.0399905904493
3343330	HINT 	0.977119267757	0.209531929706	0.11714890614	0.0
3343127	autosome.ru	0.983177611442	0.195105149801	0.0782168901435	0.0159962361797
3343275	Ramil Nurtdinov	0.960194503774	0.171841885978	0.085274053164	0.000588096918372
3346136	EotvosUniv	0.967099364823	0.166014642031	0.0264643613267	0.0
3327302	davidaknowles	0.974859051381	0.146396730928	0.0545753940249	0.0
3343392	adbc	0.983104778444	0.130669157206	0.000352858151023	0.0
3344979	NittanyLions	0.830192833577	0.0749651469508	0.0	0.0
3343372	Nabla	0.933471426108	0.0616365609759	0.0	0.0
3344887	SAARCASM	0.956481242424	0.0200722479016	0.0	0.0
3331196	PersianGulf	0.678011324219	0.0019710109417	0.0	0.0
3342173	aesseb	0.550371085699	0.00119847167374	0.0	0.0


CTCF PC-3
3321063	dxquang	0.986217330227	0.782687521556	0.794840790004	0.613365022446
3327302	davidaknowles	0.932199241358	0.69657574109	0.763846613574	0.396058319087
3319559	yuanfang.guan	0.963107525421	0.607931868275	0.596853326662	0.391499534392
3343392	adbc	0.951471924802	0.550438500262	0.523759885474	0.331915662483
3346136	EotvosUniv	0.926157885752	0.533078866835	0.533252720677	0.316293485663
3343372	Nabla	0.920621410611	0.50249192585	0.488095734479	0.300379435433
3343127	autosome.ru	0.93707330647	0.479959022445	0.4369066978	0.306244701108
3345109	J-Team	0.93707330647	0.479959022445	0.4369066978	0.306244701108
3342173	aesseb	0.807363791565	0.465508421989	0.527790518284	0.0
3343330	HINT 	0.908476039675	0.419463298305	0.379213053691	0.25255389234
3343275	Ramil Nurtdinov	0.920433696008	0.395836447125	0.331679384008	0.170634755174
3344979	NittanyLions	0.764520344461	0.123785421681	2.77974676507e-05	0.0
3344887	SAARCASM	0.855496030082	0.0487273906555	0.0	0.0
3331196	PersianGulf	0.554966029434	0.0137802457798	0.0	0.0
3343008	TimJeske	0.5	0.00931151307267	0.0	0.0


MAX liver
3319559	yuanfang.guan	0.991746814903	0.535399657046	0.588478989939	0.0153876504241
3343127	autosome.ru	0.982767662617	0.473930602296	0.505942986782	0.00724995068061
3345109	J-Team	0.985255809252	0.447635741394	0.458399092523	0.00342769777076
3343330	HINT 	0.95997584562	0.440231369964	0.481628526337	0.00969126060367
3327302	davidaknowles	0.988468222643	0.429393844769	0.414554152693	0.000493193923851
3321063	dxquang	0.988223246702	0.422227529309	0.370610574078	0.00138094298678
3343275	Ramil Nurtdinov	0.946862144275	0.369746846073	0.357886170842	0.000789110278161
3344979	NittanyLions	0.833674763102	0.364721072683	0.500073979089	0.0
3342173	aesseb	0.867273666341	0.353264106966	0.375295916354	0.0
3343392	adbc	0.985816425477	0.340986674186	0.136639376603	0.0016521996449
3346136	EotvosUniv	0.949013834783	0.293655299803	0.0912655356086	2.46596961925e-05
3343372	Nabla	0.952398775755	0.222146139126	0.0883556914579	9.86387847702e-05
3344887	SAARCASM	0.932036637061	0.0820761385413	0.0	0.0
3331196	PersianGulf	0.749016894811	0.0227104079654	0.0	0.0


CTCF induced_pluripotent_stem_cell
3321063	dxquang	0.996617775166	0.860776696902	0.914165873908	0.684273112514
3327302	davidaknowles	0.995968442285	0.832481209884	0.881129464672	0.63698867076
3345109	J-Team	0.994996088948	0.81649114036	0.856525123238	0.595260745481
3343127	autosome.ru	0.992669982956	0.780153493659	0.80621378535	0.556127302603
3343392	adbc	0.993205095789	0.777274654504	0.809413646977	0.536928132837
3343372	Nabla	0.991130519653	0.775097786502	0.810343336504	0.548603303641
3319559	yuanfang.guan	0.992680138666	0.755416352739	0.772982789933	0.519631583499
3346136	EotvosUniv	0.984747578287	0.691839359786	0.722347141745	0.421127735017
3343330	HINT 	0.985434027409	0.671429488495	0.675170803425	0.418987287036
3343275	Ramil Nurtdinov	0.968224891955	0.654968886117	0.674608665571	0.379032258065
3342173	aesseb	0.827334192059	0.307116257747	0.492843552711	0.0
3344979	NittanyLions	0.775880127623	0.237176453593	0.0152209634178	0.0
3344887	SAARCASM	0.819793009554	0.0165401041521	0.0	0.0
3331196	PersianGulf	0.614169656076	0.0117467242872	0.0	0.0


FOXA1 liver
3321063	dxquang	0.986197386068	0.492221458375	0.488928008895	0.109978689892
3345109	J-Team	0.977418496248	0.488358001587	0.520383581951	0.110534605763
3319559	yuanfang.guan	0.970606845661	0.376415921821	0.352774946725	0.0358565737052
3343392	adbc	0.960870162105	0.337086720813	0.311312887983	0.0406281849347
3343330	HINT 	0.915913125775	0.330067788108	0.318261836375	0.0260353933105
3343127	autosome.ru	0.949911341567	0.309891024981	0.282358936348	0.0412767534513
3343275	Ramil Nurtdinov	0.919647438714	0.295535695587	0.261929028074	0.00486426387473
3327302	davidaknowles	0.955647168177	0.225888389388	0.131937366812	0.0
3344979	NittanyLions	0.778520552274	0.222360728897	0.117668859446	4.63263226165e-05
3346136	EotvosUniv	0.915492934902	0.18679913774	0.0967293616233	0.0
3343372	Nabla	0.890003407131	0.186505400962	0.144260168628	0.00194570554989
3342173	aesseb	0.846353907708	0.179978123597	0.032613731122	0.0
3344887	SAARCASM	0.8910312999	0.0600559451861	0.0	0.0
3331196	PersianGulf	0.566659933212	0.00318595591848	0.0	0.0


EGR1 liver
3319559	yuanfang.guan	0.994078143398	0.428921587617	0.420699846941	0.000633345648388
3344979	NittanyLions	0.895109937204	0.404247707156	0.440544677258	0.0
3345109	J-Team	0.991594481586	0.398903018922	0.296880772682	0.0335673193645
3343127	autosome.ru	0.987949560195	0.364234620215	0.238824088246	0.0229587797541
3343392	adbc	0.991644480391	0.327827982558	0.179659048926	0.00902517548952
3343330	HINT 	0.978770860716	0.323210960457	0.156911384388	0.0106613184145
3321063	dxquang	0.985555420923	0.317247143546	0.216445875336	0.0286061117855
3346136	EotvosUniv	0.966088374465	0.258029938185	0.125296880773	0.00723069615243
3343275	Ramil Nurtdinov	0.964490563165	0.256372119981	0.140286061118	0.00438064073468
3327302	davidaknowles	0.980707747451	0.203257287244	0.0575816751992	0.0
3343372	Nabla	0.95175290117	0.175513196651	0.0795376576767	0.000105557608065
3342173	aesseb	0.948611501618	0.0796189424554	0.0	0.0
3344887	SAARCASM	0.938759455779	0.0295027236572	0.0	0.0
3331196	PersianGulf	0.764054234527	0.0210365790301	5.27788040323e-05	0.0


TAF1 liver
3319559	yuanfang.guan	0.9917037538	0.437342094864	0.407124543124	0.000272761987889
3321063	dxquang	0.989179476303	0.428313969763	0.403851399269	0.0
3345109	J-Team	0.990046815991	0.412563658303	0.382521411816	0.0019638863128
3343392	adbc	0.991108118397	0.401538933991	0.34166166603	0.000163657192734
3343127	autosome.ru	0.989251494129	0.374686714945	0.279690142382	0.00169112432491
3327302	davidaknowles	0.981861753903	0.332806398355	0.191369810703	0.0
3343330	HINT 	0.963369400393	0.28588792284	0.189242267198	0.00300038186678
3343275	Ramil Nurtdinov	0.937967391278	0.275860039945	0.193606459004	0.000545523975779
3344979	NittanyLions	0.843227684385	0.271028537985	0.184768970596	0.000163657192734
3343372	Nabla	0.947210019138	0.219025920922	0.102067535868	0.0
3346136	EotvosUniv	0.934749262959	0.190342957233	0.0353499536305	0.000818285963668
3342173	aesseb	0.729531133231	0.179223713715	0.0	0.0
3344887	SAARCASM	0.923799017583	0.0695434838184	0.0	0.0
3331196	PersianGulf	0.795583400468	0.0368632128633	0.0	0.0


E2F1 K562
3345109	J-Team	0.992979168355	0.427395726529	0.37462406015	0.00507518796992
3343275	Ramil Nurtdinov	0.960490758995	0.365892167914	0.342763157895	0.0113721804511
3343127	autosome.ru	0.991932293435	0.353042157779	0.188909774436	0.000281954887218
3319559	yuanfang.guan	0.995770339176	0.352142995523	0.232612781955	0.0
3343392	adbc	0.99226015265	0.35103497284	0.288063909774	0.000281954887218
3327302	davidaknowles	0.976052980102	0.340986933974	0.292669172932	0.000187969924812
3342173	aesseb	0.970371235099	0.274610484818	0.0868421052632	0.000187969924812
3344979	NittanyLions	0.910549774042	0.268120007233	0.00093984962406	0.0
3343372	Nabla	0.969450979773	0.259279403065	0.00479323308271	0.0
3321063	dxquang	0.957399203418	0.240567029654	0.0	0.0
3343330	HINT 	0.985362029659	0.237722400704	0.00488721804511	0.0
3346136	EotvosUniv	0.939837215375	0.202921875523	0.00911654135338	0.000375939849624
3331196	PersianGulf	0.887443121596	0.0761703413609	0.0	0.0
3344887	SAARCASM	0.966000585814	0.068196904636	0.0	0.0


HNF4A liver
3321063	dxquang	0.978494318401	0.618836893234	0.646708673306	0.24835215889
3345109	J-Team	0.971615180489	0.595929549214	0.610485205726	0.270928308023
3319559	yuanfang.guan	0.966758766328	0.585605500165	0.591219257237	0.293635122971
3343392	adbc	0.961352809308	0.529986835084	0.558625395627	0.158294375563
3343275	Ramil Nurtdinov	0.914953187485	0.521518635564	0.566102383925	0.137024884579
3343330	HINT 	0.866822591504	0.521150784205	0.576904091292	0.190757571358
3346566	ConvSeq	0.963565520692	0.513359667596	0.533856964488	0.1030517727
3327302	davidaknowles	0.966070765102	0.509607901615	0.539344928715	0.0959087081506
3346136	EotvosUniv	0.919501577151	0.354575876996	0.300037747902	0.0821162054647
3342173	aesseb	0.839971687508	0.345488804896	0.439777577746	0.0
3344979	NittanyLions	0.720589236263	0.311421467485	0.297279247365	0.058509248236
3343372	Nabla	0.88766840387	0.301002174581	0.257571358053	0.0275124132524
3344887	SAARCASM	0.893677827047	0.224016325431	0.124800371672	1.45184238799e-05
3331196	PersianGulf	0.72787572787	0.0423471611416	0.0	0.0


JUND liver
3319559	yuanfang.guan	0.988833629534	0.59872470682	0.662027048361	0.112271746566
3343127	autosome.ru	0.977042232964	0.447356000712	0.423722570121	0.0481766036942
3344979	NittanyLions	0.818965914276	0.439388287694	0.544282481713	7.8934905015e-05
3345109	J-Team	0.978403674237	0.422307544136	0.385781192443	0.0720149450087
3343330	HINT 	0.9561941256	0.367828291983	0.284113034784	0.0543072146503
3343392	adbc	0.978748188296	0.367579456428	0.272720096827	0.0355996421618
3346136	EotvosUniv	0.946621898869	0.271809525282	0.128874388254	0.00955112350681
3321063	dxquang	0.976476488155	0.264891712248	0.171920223123	0.026101141925
3343275	Ramil Nurtdinov	0.942996284706	0.220067389137	0.116271115087	0.0
3343372	Nabla	0.930289102018	0.180429913605	0.0672525390728	0.00402568015576
3327302	davidaknowles	0.956982287175	0.140112657503	0.0479134873441	0.0127874546124
3342173	aesseb	0.560788673941	0.0953506022653	0.107930326791	0.0
3344887	SAARCASM	0.902496854529	0.0512664582739	0.0	0.0
3331196	PersianGulf	0.676002121123	0.0093040490514	0.0	0.0


FOXA2 liver
3319559	yuanfang.guan	0.980036667035	0.460677694553	0.474909628017	0.0418626345862
3345109	J-Team	0.971150659879	0.38702712923	0.350021378318	0.102499319781
3343275	Ramil Nurtdinov	0.93620672598	0.363007956194	0.33711664788	0.00754071597932
3343392	adbc	0.967708826097	0.340741341767	0.287480079294	0.0339720915769
3343127	autosome.ru	0.959178221089	0.314581875275	0.257433824387	0.0171803941385
3343330	HINT 	0.933376460227	0.311856692129	0.285109029424	0.0175690908384
3346136	EotvosUniv	0.941149889895	0.291273711623	0.244334745598	0.0340498309169
3327302	davidaknowles	0.975780302209	0.280145567706	0.171959420065	0.00804602168928
3344979	NittanyLions	0.765101239548	0.27415931415	0.283204415595	0.0
3321063	dxquang	0.977333317797	0.217226780503	0.0230885839779	0.00213783184981
3342173	aesseb	0.862304638518	0.205941287306	0.0	0.0
3343372	Nabla	0.927584507851	0.173694548976	0.0971741749913	0.000388696699965
3344887	SAARCASM	0.878397525621	0.0714983133704	0.0	0.0
3331196	PersianGulf	0.582686303421	0.00407287325288	0.0	0.0


